60,2.30385160446167
61,2.3037919998168945
62,2.3047046661376953
63,2.301851272583008
64,2.3007218837738037
65,2.3014883995056152
66,2.2983291149139404
67,2.3029074668884277
68,2.304248571395874
69,2.302870035171509
70,2.3018410205841064
71,2.304283857345581
72,2.3006389141082764
73,2.299764633178711
74,2.3025856018066406
75,2.303058385848999
76,2.303030490875244
77,2.2997922897338867
78,2.3024260997772217
79,2.2990970611572266
80,2.3004837036132812
81,2.298797607421875
82,2.3007922172546387
83,2.2993686199188232
84,2.2969021797180176
85,2.299532651901245
86,2.2969696521759033
87,2.2973430156707764
88,2.2980797290802
89,2.2980000972747803
90,2.2962353229522705
91,2.293311834335327
92,2.2922072410583496
93,2.2944605350494385
94,2.2943003177642822
95,2.296494722366333
96,2.296294927597046
97,2.2946434020996094
98,2.2922067642211914
99,2.2935914993286133
100,2.293346881866455
101,2.293870449066162
102,2.2895169258117676
103,2.2921223640441895
104,2.29126238822937
105,2.2898545265197754
106,2.287376642227173
107,2.2904138565063477
108,2.2876033782958984
109,2.2862942218780518
110,2.285828113555908
111,2.2867302894592285
112,2.2835724353790283
113,2.2831838130950928
114,2.283097505569458
115,2.281254529953003
116,2.277998924255371
117,2.278770685195923
118,2.2800188064575195
119,2.276762008666992
120,2.2755918502807617
121,2.2724599838256836
122,2.2756497859954834
123,2.2710626125335693
124,2.269209861755371
125,2.2700400352478027
126,2.269286632537842
127,2.270915985107422
128,2.2653379440307617
129,2.2633204460144043
130,2.259714126586914
131,2.2534472942352295
132,2.2526042461395264
133,2.2565784454345703
134,2.2540416717529297
135,2.246534824371338
136,2.2445263862609863
137,2.239805221557617
138,2.2301435470581055
139,2.2373929023742676
140,2.2286107540130615
141,2.2245423793792725
142,2.2232677936553955
143,2.2121870517730713
144,2.2093656063079834
145,2.193134069442749
146,2.192455768585205
147,2.1773931980133057
148,2.1644344329833984
149,2.174367904663086
150,2.1659324169158936
151,2.136525869369507
152,2.1209216117858887
153,2.0955164432525635
154,2.0930135250091553
155,2.077115058898926
156,2.0520427227020264
157,2.0163707733154297
158,2.001268148422241
159,1.981415033340454
160,1.9379147291183472
161,1.8917174339294434
162,1.8736933469772339
163,1.8164478540420532
164,1.7820980548858643
165,1.6953942775726318
166,1.6553562879562378
167,1.5990300178527832
168,1.5302925109863281
169,1.472386121749878
170,1.4228595495224
171,1.3929768800735474
172,1.298511028289795
173,1.2434781789779663
174,1.1780158281326294
175,1.1749320030212402
176,1.0972710847854614
177,1.0187101364135742
178,1.0232962369918823
179,0.8930568099021912
180,0.8847435116767883
181,0.8361836075782776
182,0.8533678650856018
183,0.7565332055091858
184,0.7594059109687805
185,0.668632447719574
186,0.7859337329864502
187,0.7074772119522095
188,0.6997486352920532
189,0.6497713327407837
190,0.6975019574165344
191,0.6686943769454956
192,0.6881633996963501
193,0.6529852747917175
194,0.667811930179596
195,0.6407080292701721
196,0.7062545418739319
197,0.5871584415435791
198,0.6193287372589111
199,0.4951556921005249
200,0.5710373520851135
201,0.5421069264411926
202,0.5242862105369568
203,0.526890754699707
204,0.5755974054336548
205,0.44762253761291504
206,0.5214778184890747
207,0.5138776302337646
208,0.4618542790412903
209,0.4625501334667206
210,0.427864134311676
211,0.43456706404685974
212,0.45137739181518555
213,0.45955073833465576
214,0.47533467411994934
215,0.5358712077140808
216,0.49084967374801636
217,0.47799864411354065
218,0.4404727518558502
219,0.4566386640071869
220,0.43966254591941833
221,0.416005402803421
222,0.4694809019565582
223,0.41458186507225037
224,0.4255557060241699
225,0.4023374021053314
226,0.3520226776599884
227,0.37390851974487305
228,0.4472816586494446
229,0.3946613669395447
230,0.4454418122768402
231,0.40051472187042236
232,0.3851616084575653
233,0.3869262933731079
234,0.42008766531944275
235,0.389924019575119
236,0.37192487716674805
237,0.40097150206565857
238,0.32572630047798157
239,0.32666414976119995
240,0.31474700570106506
241,0.36074185371398926
242,0.33661311864852905
243,0.37798407673835754
244,0.3666158616542816
245,0.29239165782928467
246,0.30969366431236267
247,0.32378917932510376
248,0.32346102595329285
249,0.3509276211261749
250,0.3226453363895416
251,0.37529146671295166
252,0.3483758866786957
253,0.31524014472961426
254,0.34653449058532715
255,0.3620019853115082
256,0.33759236335754395
257,0.30628469586372375
258,0.339361310005188
259,0.27977997064590454
260,0.3266448974609375
261,0.2987173795700073
262,0.3473457098007202
263,0.3408338725566864
264,0.3123438060283661
265,0.3119634985923767
266,0.32116785645484924
267,0.2446398288011551
268,0.34091517329216003
269,0.2918925881385803
270,0.32037392258644104
271,0.2906405031681061
272,0.28354108333587646
273,0.2960989773273468
274,0.3169052302837372
275,0.2882217764854431
276,0.33728083968162537
277,0.26245829463005066
278,0.3364226818084717
279,0.32621657848358154
280,0.2861751317977905
281,0.306350976228714
282,0.24611026048660278
283,0.26424792408943176
284,0.2566029131412506
285,0.24535682797431946
286,0.3086080551147461
287,0.25872328877449036
288,0.2916293442249298
289,0.23587562143802643
290,0.2703710198402405
291,0.2713824212551117
292,0.29006460309028625
293,0.2939903736114502
294,0.26738041639328003
295,0.28436994552612305
296,0.243941068649292
297,0.2815575897693634
298,0.24611428380012512
299,0.2230878472328186
300,0.28416529297828674
301,0.27011531591415405
302,0.2555898427963257
303,0.2555811405181885
304,0.24923333525657654
305,0.21287252008914948
306,0.30045098066329956
307,0.26250460743904114
308,0.24748656153678894
309,0.2692537307739258
310,0.2706740200519562
311,0.2258066087961197
312,0.24984128773212433
313,0.2778417468070984
314,0.25974005460739136
315,0.23264330625534058
316,0.2476578652858734
317,0.24029555916786194
318,0.2549307644367218
319,0.22346456348896027
320,0.25715404748916626
321,0.25798553228378296
322,0.25054752826690674
323,0.25498145818710327
324,0.23043692111968994
325,0.23374494910240173
326,0.25404155254364014
327,0.2607855796813965
328,0.206926628947258
329,0.2383611500263214
330,0.210483580827713
331,0.26975929737091064
332,0.2430434226989746
333,0.25963836908340454
334,0.1984153389930725
335,0.22726625204086304
336,0.21685758233070374
337,0.1868421882390976
338,0.18677745759487152
339,0.18923190236091614
340,0.2150745689868927
341,0.24030739068984985
342,0.1818748563528061
343,0.22715187072753906
344,0.2197577953338623
345,0.19412921369075775
346,0.2187303900718689
347,0.22183623909950256
348,0.19923728704452515
349,0.19632425904273987
350,0.20371700823307037
351,0.19975221157073975
352,0.21645034849643707
353,0.19256731867790222
354,0.2045409083366394
355,0.17986467480659485
356,0.20092958211898804
357,0.24147440493106842
358,0.24196842312812805
359,0.22243234515190125
360,0.22228959202766418
361,0.18723735213279724
362,0.18002472817897797
363,0.18887247145175934
364,0.20387637615203857
365,0.2017524093389511
366,0.19582396745681763
367,0.2254418283700943
368,0.2324409782886505
369,0.22809381783008575
370,0.19366802275180817
371,0.20168888568878174
372,0.19132006168365479
373,0.1996222883462906
374,0.1877288818359375
375,0.19505417346954346
376,0.1953500658273697
377,0.19274106621742249
378,0.1966572105884552
379,0.20167487859725952
380,0.17556191980838776
381,0.1778852939605713
382,0.18649707734584808
383,0.19153620302677155
384,0.17838624119758606
385,0.17842797935009003
386,0.17740033566951752
387,0.18730580806732178
388,0.1702442169189453
389,0.19861936569213867
390,0.1665504276752472
391,0.1679767221212387
392,0.1882738173007965
393,0.16185840964317322
394,0.16787543892860413
395,0.1660543978214264
396,0.19982153177261353
397,0.20450551807880402
398,0.18468531966209412
399,0.20920583605766296
400,0.1425444632768631
401,0.19249586760997772
402,0.1635044664144516
403,0.11415029317140579
404,0.17141766846179962
405,0.1875564008951187
406,0.19083236157894135
407,0.18204429745674133
408,0.17173223197460175
409,0.16861958801746368
410,0.18339736759662628
411,0.17919398844242096
412,0.1876530796289444
413,0.1848135143518448
414,0.16662171483039856
415,0.17281800508499146
416,0.17823956906795502
417,0.17801585793495178
418,0.14011406898498535
419,0.16266228258609772
420,0.18329739570617676
421,0.17621487379074097
422,0.14516697824001312
423,0.17161737382411957
424,0.18694432079792023
425,0.17672482132911682
426,0.14566650986671448
427,0.16779644787311554
428,0.15195100009441376
429,0.19342917203903198
430,0.1613348424434662
431,0.15494376420974731
432,0.1529281884431839
433,0.1778416782617569
434,0.16234397888183594
435,0.14586447179317474
436,0.1393890529870987
437,0.18576063215732574
438,0.14747151732444763
439,0.15922223031520844
440,0.13090401887893677
441,0.14537560939788818
442,0.1378968358039856
443,0.17867441475391388
444,0.15034666657447815
445,0.16471026837825775
446,0.13272705674171448
447,0.168086975812912
448,0.11718084663152695
449,0.1512521505355835
450,0.1308334916830063
451,0.1476070135831833
452,0.17047716677188873
453,0.12762126326560974
454,0.14533719420433044
455,0.13266919553279877
456,0.16930969059467316
457,0.13766328990459442
458,0.15911394357681274
459,0.13035602867603302
460,0.1387944519519806
461,0.11780723929405212
462,0.1280403882265091
463,0.140517920255661
464,0.1563679575920105
465,0.143196702003479
466,0.13136054575443268
467,0.13318921625614166
468,0.12315630167722702
469,0.13032087683677673
470,0.16125978529453278
471,0.12700696289539337
472,0.14421644806861877
473,0.17744797468185425
474,0.14147303998470306
475,0.14849472045898438
476,0.16038431227207184
477,0.13637208938598633
478,0.1667690873146057
479,0.1370275914669037
480,0.11269910633563995
481,0.15558378398418427
482,0.1581433266401291
483,0.1502736359834671
484,0.13429884612560272
485,0.14567062258720398
486,0.14883318543434143
487,0.1555885672569275
488,0.13131500780582428
489,0.15900465846061707
490,0.15009866654872894
491,0.13414590060710907
492,0.13911977410316467
493,0.1212335154414177
494,0.18426987528800964
495,0.19545134902000427
496,0.14220300316810608
497,0.1540622115135193
498,0.14002102613449097
499,0.11315351724624634
500,0.1355949342250824
501,0.11712246388196945
502,0.11093319207429886
503,0.10480442643165588
504,0.13581357896327972
505,0.13217729330062866
506,0.13989512622356415
507,0.17383839190006256
508,0.15010732412338257
509,0.13141804933547974
510,0.12205953896045685
511,0.12104704231023788
512,0.11914388090372086
513,0.15495672821998596
514,0.11085611581802368
515,0.12171319872140884
516,0.12115631252527237
517,0.13305605947971344
518,0.140705406665802
519,0.11721991002559662
520,0.15750735998153687
521,0.12251850217580795
522,0.09862352907657623
523,0.12583816051483154
524,0.1372433602809906
525,0.12051969766616821
526,0.11849316209554672
527,0.13169345259666443
528,0.11552557349205017
529,0.1291913539171219
530,0.1427535116672516
531,0.13471005856990814
532,0.10794816166162491
533,0.10102111846208572
534,0.09759839624166489
535,0.12521600723266602
536,0.11167947202920914
537,0.13445711135864258
538,0.12200009822845459
539,0.14608536660671234
540,0.15274976193904877
541,0.09177973866462708
542,0.15959671139717102
543,0.10294564813375473
544,0.11572202295064926
545,0.14651553332805634
546,0.13309453427791595
547,0.0892493724822998
548,0.14849068224430084
549,0.10129345208406448
550,0.09779489040374756
551,0.10705579072237015
552,0.14180976152420044
553,0.11471457034349442
554,0.13853582739830017
555,0.09587683528661728
556,0.14463381469249725
557,0.10361089557409286
558,0.11402183026075363
559,0.10584475100040436
560,0.12068674713373184
561,0.1037253588438034
562,0.10013815015554428
563,0.10838959366083145
564,0.09406498819589615
565,0.097233347594738
566,0.091284841299057
567,0.11121391505002975
568,0.14269720017910004
569,0.11152724921703339
570,0.10256674140691757
571,0.11696185171604156
572,0.11064741760492325
573,0.11313237994909286
574,0.12533952295780182
575,0.08845601975917816
576,0.11292262375354767
577,0.09496532380580902
578,0.14751581847667694
579,0.11226926743984222
580,0.10142053663730621
581,0.12681204080581665
582,0.10188847035169601
583,0.1140005961060524
584,0.09728773683309555
585,0.11863233894109726
586,0.11677654087543488
587,0.09497684985399246
588,0.1076435074210167
589,0.09834019839763641
590,0.0944049060344696
591,0.12060639262199402
592,0.09899485111236572
593,0.11394722014665604
594,0.10776932537555695
595,0.09643584489822388
596,0.0995323657989502
597,0.09640096873044968
598,0.09506569802761078
599,0.09875809401273727
600,0.08180144429206848
601,0.0945073664188385
602,0.10540634393692017
603,0.10479943454265594
604,0.1049269512295723
605,0.10134559869766235
606,0.09222953766584396
607,0.0885125920176506
608,0.12270017713308334
609,0.11012415587902069
610,0.08017774671316147
611,0.08259537816047668
612,0.10192828625440598
613,0.11844410747289658
614,0.0954187884926796
615,0.11778832972049713
616,0.07516098767518997
617,0.11855720728635788
618,0.0948009341955185
619,0.0978388860821724
620,0.1101059764623642
621,0.08172471821308136
622,0.09858986735343933
623,0.08839277178049088
624,0.10744395107030869
625,0.11044283211231232
626,0.1409112960100174
627,0.08593450486660004
628,0.0890827551484108
629,0.08003532141447067
630,0.0921080932021141
631,0.10906469821929932
632,0.10813205689191818
633,0.14219993352890015
634,0.09028851985931396
635,0.13512146472930908
636,0.11558067798614502
637,0.10221167653799057
638,0.10608340054750443
639,0.08093612641096115
640,0.10175324231386185
641,0.10121948271989822
642,0.1200922429561615
643,0.09437279403209686
644,0.10836528241634369
645,0.07296378910541534
646,0.09517740458250046
647,0.15378324687480927
648,0.08196494728326797
649,0.11548531800508499
650,0.11558707058429718
651,0.11740002781152725
652,0.10999339073896408
653,0.10649160295724869
654,0.07302086800336838
655,0.11617828160524368
656,0.09773913025856018
657,0.08400803804397583
658,0.14069034159183502
659,0.08990465104579926
